len 0 17
len 1 11
len 2 15
len 3 29
len 4 16
len 5 13
len 6 14
len 7 18
len 8 18
len 9 15
len 10 29
len 11 11
len 12 28
len 13 18
len 14 24
len 15 20
[(8, 31.555555555555557), (3, 28.10666666666666), (12, 24.982222222222216), (10, 24.184444444444445), (5, 18.522222222222222), (7, 14.093333333333334), (11, 13.327777777777774), (6, 10.588888888888892), (4, 6.864444444444443), (14, 3.6711111111111068), (0, 3.244444444444451), (2, -5.869999999999999), (1, -7.5222222222222275), (15, -9.05555555555555), (9, -10.81777777777778), (13, -51.79888888888889)]
best = 121.9
worst = 9.53
average = 54.67833333333334
