len 0 24
len 1 22
len 2 41
len 3 23
len 4 9
len 5 19
len 6 27
len 7 16
len 8 50
len 9 29
len 10 11
len 11 20
len 12 31
len 13 23
len 14 12
len 15 22
[(8, 85.08000000000001), (3, 47.421111111111124), (2, 38.52777777777777), (15, 30.782222222222224), (14, 24.82111111111111), (12, 24.465555555555568), (4, 16.267777777777777), (9, 12.982222222222221), (13, 12.956666666666653), (6, 8.745555555555551), (1, 6.971111111111113), (0, -10.163333333333336), (11, -13.940000000000005), (5, -15.783333333333339), (10, -20.295555555555556), (7, -45.760000000000005)]
best = 260.20166666666665
worst = 61.141666666666666
average = 63.47833333333333
