len 0 17
len 1 14
len 2 20
len 3 11
len 4 15
len 5 22
len 6 23
len 7 18
len 8 23
len 9 12
len 10 29
len 11 18
len 12 35
len 13 32
len 14 25
len 15 16
[(5, 41.09777777777777), (9, 18.374444444444443), (7, 15.522222222222219), (3, 12.387777777777771), (14, 10.041111111111107), (1, 9.98), (12, 7.299999999999997), (2, 5.580000000000003), (15, 2.946666666666669), (8, 1.7633333333333359), (11, -0.03444444444444317), (0, -2.4933333333333323), (13, -10.213333333333333), (10, -13.316666666666663), (6, -16.385555555555563), (4, -19.845555555555556)]
best = 88.39833333333334
worst = 14.173333333333332
average = 130.01000000000005
