len 0 25
len 1 17
len 2 26
len 3 13
len 4 37
len 5 21
len 6 11
len 7 13
len 8 20
len 9 36
len 10 25
len 11 25
len 12 17
len 13 16
len 14 42
len 15 16
[(14, 61.664444444444435), (10, 55.63666666666666), (2, 45.00777777777776), (12, 36.09666666666667), (0, 21.106666666666662), (3, 14.277777777777779), (9, 9.100000000000005), (13, 8.758888888888883), (15, 8.415555555555553), (1, 6.930000000000007), (4, 3.764444444444452), (5, 1.4199999999999942), (6, -9.106666666666666), (8, -23.88888888888889), (7, -23.965555555555557), (11, -28.02333333333334)]
best = 43.83333333333333
worst = 69.385
average = 105.03999999999999
