len 0 21
len 1 15
len 2 19
len 3 37
len 4 11
len 5 15
len 6 14
len 7 24
len 8 15
len 9 29
len 10 37
len 11 19
len 12 17
len 13 54
len 14 25
len 15 32
[(8, 57.25999999999999), (2, 50.20222222222222), (15, 44.581111111111106), (3, 31.924444444444433), (1, 28.814444444444447), (12, 17.147777777777772), (10, 16.166666666666664), (11, 15.615555555555558), (13, 14.272222222222233), (0, 12.84222222222223), (6, 3.341111111111111), (4, -6.877777777777781), (14, -9.550000000000004), (9, -11.510000000000003), (5, -25.041111111111114), (7, -28.858888888888885)]
best = 175.11333333333332
worst = 32.48833333333333
average = 61.56
