len 0 12
len 1 23
len 2 10
len 3 14
len 4 12
len 5 13
len 6 17
len 7 40
len 8 64
len 9 20
len 10 33
len 11 10
len 12 28
len 13 21
len 14 13
len 15 14
[(6, 45.572222222222216), (0, 33.902222222222214), (8, 33.49444444444445), (14, 24.76222222222222), (10, 22.984444444444442), (3, 20.943333333333335), (5, 17.538888888888884), (7, 15.695555555555556), (1, 14.727777777777778), (15, 12.613333333333333), (13, 10.221111111111115), (11, 9.777777777777775), (12, 7.720000000000001), (2, -11.26999999999999), (9, -24.138888888888886), (4, -26.873333333333335)]
best = 147.14
worst = 9.991666666666667
average = 52.17999999999999
