len 0 46
len 1 14
len 2 18
len 3 18
len 4 25
len 5 31
len 6 17
len 7 21
len 8 30
len 9 12
len 10 28
len 11 57
len 12 25
len 13 11
len 14 28
len 15 40
[(0, 49.577777777777776), (14, 44.47444444444444), (9, 32.44000000000001), (8, 25.194444444444446), (2, 20.833333333333336), (7, 20.41111111111111), (3, 19.89666666666666), (6, 16.61222222222222), (13, 13.35222222222222), (5, 10.98777777777778), (11, 5.478888888888885), (4, 5.130000000000004), (10, -4.772222222222224), (12, -6.754444444444446), (15, -8.271111111111104), (1, -34.42333333333334)]
best = 197.52333333333337
worst = 62.266666666666666
average = 63.834999999999994
