len 0 20
len 1 13
len 2 18
len 3 20
len 4 9
len 5 24
len 6 40
len 7 10
len 8 17
len 9 27
len 10 22
len 11 17
len 12 26
len 13 17
len 14 16
len 15 15
[(6, 66.09666666666666), (1, 38.57222222222222), (9, 28.56), (8, 23.77111111111111), (0, 14.074444444444447), (7, 10.274444444444443), (15, 5.732222222222223), (2, 4.104444444444441), (13, -0.11111111111111072), (4, -1.9444444444444429), (14, -5.457777777777784), (10, -11.456666666666667), (5, -11.700000000000001), (3, -11.885555555555559), (12, -15.116666666666669), (11, -40.09777777777778)]
best = 268.4466666666666
worst = 9.72
average = 68.04666666666667
