len 0 50
len 1 20
len 2 35
len 3 18
len 4 21
len 5 14
len 6 13
len 7 25
len 8 22
len 9 48
len 10 21
len 11 19
len 12 10
len 13 14
len 14 32
len 15 10
[(10, 85.69), (13, 51.94666666666666), (14, 41.5488888888889), (6, 31.108888888888888), (3, 29.331111111111113), (2, 26.33666666666667), (12, 22.11111111111111), (8, 21.035555555555547), (15, 18.919999999999998), (7, 15.652222222222221), (1, 6.64444444444445), (9, -0.40222222222222004), (11, -4.082222222222222), (0, -18.92555555555555), (4, -20.451111111111107), (5, -30.205555555555552)]
best = 74.88333333333333
worst = 9.523333333333333
average = 66.36
