len 0 38
len 1 21
len 2 40
len 3 16
len 4 24
len 5 22
len 6 18
len 7 13
len 8 22
len 9 27
len 10 23
len 11 12
len 12 25
len 13 12
len 14 29
len 15 19
[(1, 35.12111111111112), (14, 28.826666666666668), (4, 27.176666666666673), (6, 23.981111111111122), (7, 21.407777777777778), (0, 17.76888888888889), (15, 17.22888888888889), (2, 16.85111111111111), (10, 11.960000000000008), (9, 0.945555555555551), (12, -0.3577777777777764), (13, -4.637777777777777), (8, -5.45888888888889), (11, -9.880000000000004), (3, -13.369999999999997), (5, -43.96666666666666)]
best = 202.925
worst = 51.855
average = 58.951666666666675
