14 2 0.06301408216357231
1 0 0.036008010059595114
10 1 0.01828951731324196
8 2 0.018003986328840253
1 2 0.015753618329763415
6 1 0.013503182679414747
0 2 0.013502904325723646
4 1 0.011252466440200806
0 1 0.009001979976892472
9 2 0.009001879692077634
13 2 0.006751522570848465
2 1 0.006751518249511718
9 1 0.0022505503892898556
10 0 0.0019651556015014646
1 3 2.096593379974365e-07
0 0 1.8998980522155756e-07
6 3 1.8611550331115718e-07
4 2 1.8328428268432613e-07
1 1 1.7419457435607912e-07
3 1 1.5124678611755374e-07
2 2 1.4990568161010743e-07
8 3 1.4677643775939938e-07
10 2 1.3977289199829103e-07
14 1 1.3768672943115235e-07
14 3 1.3604760169982909e-07
2 3 1.3306736946105954e-07
6 2 1.291930675506592e-07
8 0 1.2859702110290529e-07
3 0 1.2636184692382813e-07
9 0 1.254677772521973e-07
10 3 1.2367963790893556e-07
4 3 1.214444637298584e-07
4 0 1.208484172821045e-07
3 3 1.2010335922241212e-07
8 1 1.1354684829711916e-07
6 0 1.0713934898376467e-07
3 2 1.062452793121338e-07
13 1 1.0341405868530277e-07
2 0 8.553266525268555e-08
9 3 7.3164701461792e-08
0 3 6.943941116333008e-08
