14 2 0.06836170896887778
2 0 0.03973691999912262
1 2 0.03673207744956016
10 1 0.03482648894190788
6 1 0.034485884904861444
2 1 0.01936766192317009
8 2 0.014102339297533035
1 0 0.006874583661556245
13 2 0.006696671992540359
4 1 0.005212236642837525
0 1 0.003304425179958343
9 2 0.0032143734395504
9 1 0.0016071818768978114
1 3 0.00018743991851806637
2 3 2.5200545787811287e-05
2 2 3.7834048271179195e-07
6 3 1.809000968933105e-07
9 3 -7.450580596923828e-09
8 0 -1.9222497940063477e-08
8 1 -2.1010637283325194e-08
6 0 -2.205371856689453e-08
3 0 -2.2351741790771484e-08
10 2 -2.279877662658691e-08
4 2 -2.339482307434082e-08
8 3 -2.3543834686279298e-08
6 2 -2.6822090148925782e-08
4 3 -2.7716159820556645e-08
0 2 -2.7716159820556645e-08
13 1 -2.9504299163818356e-08
9 0 -3.188848495483398e-08
3 3 -3.3676624298095707e-08
4 0 -3.531575202941895e-08
10 3 -3.531575202941895e-08
0 3 -3.606081008911133e-08
3 1 -3.799796104431152e-08
14 1 -3.8444995880126954e-08
14 3 -4.5895576477050776e-08
3 2 -4.6193599700927736e-08
1 1 -5.3197145462036144e-08
0 0 -6.303191184997558e-08
10 0 -0.00013290822505950925
